[image.jpg]
moddate=fcbbe56ec6e4d201
width=587
height=352
text=1;145;14;Detection Flag;Times New Roman;0.074754,0.695341,0.057769,4.712389;v1,4279052858,4278190080,128.000000,1.000000,0.000000,1.000000,700,0,49152;;
textactive=1
